Algoritma Savings

15 Dataset
Rute 1
[0, 5, 15, 14, 13, 6, 0] -> 9310.0 -> 144
Rute 2
[0, 2, 9, 8, 4, 3, 1, 0] -> 8301.0 -> 211
Rute 3
[0, 10, 7, 12, 11, 0] -> 7401.0 -> 170
25012.0
0.009000778198242188


25 Dataset
Rute 1
[0, 20, 4, 8, 3, 1, 0] -> 9520.0 -> 140
Rute 2
[0, 17, 16, 18, 19, 14, 0] -> 10841.0 -> 222
Rute 3
[0, 15, 5, 9, 24, 21, 0] -> 10041.0 -> 162
Rute 4
[0, 25, 6, 7, 13, 11, 0] -> 8293.0 -> 187
Rute 5
[0, 2, 23, 12, 0] -> 6868.0 -> 92
Rute 6
[0, 22, 10, 0] -> 4367.0 -> 101
49930.0
0.019000530242919922


35 Dataset
Rute 1
[0, 20, 4, 8, 3, 1, 0] -> 9520.0 -> 140
Rute 2
[0, 29, 35, 30, 31, 0] -> 11363.0 -> 134
Rute 3
[0, 17, 16, 18, 19, 14, 0] -> 10841.0 -> 222
Rute 4
[0, 15, 5, 9, 24, 21, 0] -> 10041.0 -> 162
Rute 5
[0, 32, 28, 25, 6, 27, 0] -> 7642.0 -> 212
Rute 6
[0, 33, 7, 13, 11, 0] -> 12393.0 -> 137
Rute 7
[0, 12, 34, 22, 23, 0] -> 8592.0 -> 137
Rute 8
[0, 2, 10, 26, 0] -> 7858.0 -> 114
78250.0
0.031001806259155273


50 Dataset
Rute 1
[0, 42, 45, 31, 0] -> 14534.0 -> 131
Rute 2
[0, 44, 47, 29, 48, 0] -> 15045.0 -> 170
Rute 3
[0, 36, 35, 17, 0] -> 14281.0 -> 70
Rute 4
[0, 38, 37, 39, 14, 0] -> 9626.0 -> 150
Rute 5
[0, 49, 16, 20, 0] -> 12855.0 -> 120
Rute 6
[0, 5, 15, 3, 8, 24, 0] -> 10506.0 -> 149
Rute 7
[0, 4, 40, 18, 1, 11, 0] -> 9431.0 -> 167
Rute 8
[0, 43, 46, 21, 0] -> 12278.0 -> 104
Rute 9
[0, 41, 33, 25, 0] -> 14734.0 -> 140
Rute 10
[0, 32, 28, 6, 27, 0] -> 7643.0 -> 170
Rute 11
[0, 50, 7, 13, 26, 0] -> 11189.0 -> 124
Rute 12
[0, 9, 19, 2, 23, 0] -> 8298.0 -> 179
Rute 13
[0, 12, 34, 22, 0] -> 6939.0 -> 104
Rute 14
[0, 30, 10, 0] -> 7259.0 -> 97
154618.0
0.19901490211486816

