Algoritma MDP

15 Dataset
Episode : 300
Hack : 0 True
Rute 0 : [[0, 5], [5, 15], [15, 14], [14, 13], [13, 6], [6, 0]]
Rute 1 : [[0, 2], [2, 9], [9, 8], [8, 4], [4, 3], [3, 1], [1, 0]]
Rute 2 : [[0, 10], [10, 12], [12, 7], [7, 11], [11, 0]]
Total Distace : 23820.0
Best Distace : 23820.0
-------------------------
Time : 42.41069173812866


25 Dataset
Episode : 300
Hack : 0 True
Rute 0 : [[0, 20], [20, 4], [4, 8], [8, 3], [3, 1], [1, 0]]
Rute 1 : [[0, 17], [17, 16], [16, 18], [18, 19], [19, 14], [14, 0]]
Rute 2 : [[0, 15], [15, 5], [5, 9], [9, 24], [24, 21], [21, 0]]
Rute 3 : [[0, 12], [12, 7], [7, 13], [13, 25], [25, 6], [6, 11], [11, 0]]
Rute 4 : [[0, 2], [2, 23], [23, 22], [22, 10], [10, 0]]
Total Distace : 44883.0
Best Distace : 44883.0
-------------------------
Time : 92.12343692779541

35 Dataset
Episode : 300
Hack : 0 True
Rute 0 : [[0, 20], [20, 4], [4, 8], [8, 3], [3, 1], [1, 0]]
Rute 1 : [[0, 29], [29, 35], [35, 30], [30, 31], [31, 0]]
Rute 2 : [[0, 17], [17, 16], [16, 2], [2, 24], [24, 11], [11, 0]]
Rute 3 : [[0, 18], [18, 19], [19, 5], [5, 15], [15, 14], [14, 0]]
Rute 4 : [[0, 32], [32, 28], [28, 25], [25, 6], [6, 27], [27, 21], [21, 0]]
Rute 5 : [[0, 33], [33, 7], [7, 13], [13, 26], [26, 0]]
Rute 6 : [[0, 9], [9, 34], [34, 12], [12, 23], [23, 0]]
Rute 7 : [[0, 22], [22, 10], [10, 0]]
Total Distace : 74926.0
Best Distace : 74926.0
-------------------------
Time : 167.5681619644165


50 Dataset
Episode : 300
Hack : 0 True
Rute 0 : [[0, 42], [42, 45], [45, 31], [31, 0]]
Rute 1 : [[0, 44], [44, 47], [47, 29], [29, 48], [48, 0]]
Rute 2 : [[0, 36], [36, 35], [35, 17], [17, 0]]
Rute 3 : [[0, 38], [38, 37], [37, 39], [39, 14], [14, 0]]
Rute 4 : [[0, 49], [49, 16], [16, 20], [20, 0]]
Rute 5 : [[0, 5], [5, 15], [15, 3], [3, 8], [8, 24], [24, 0]]
Rute 6 : [[0, 4], [4, 40], [40, 18], [18, 1], [1, 11], [11, 0]]
Rute 7 : [[0, 43], [43, 46], [46, 21], [21, 0]]
Rute 8 : [[0, 41], [41, 33], [33, 25], [25, 0]]
Rute 9 : [[0, 32], [32, 28], [28, 6], [6, 27], [27, 0]]
Rute 10 : [[0, 50], [50, 7], [7, 13], [13, 26], [26, 2], [2, 0]]
Rute 11 : [[0, 9], [9, 19], [19, 30], [30, 0]]
Rute 12 : [[0, 12], [12, 34], [34, 22], [22, 23], [23, 10], [10, 0]]
Total Distace : 154407.0
Best Distace : 145637.0
-------------------------
Time : 285.70197916030884


