Algoritma MIP

15 Dataset
Rute 0
[(0, 2), (2, 9), (9, 8), (8, 4), (4, 3), (3, 1), (1, 0)] -> 8301.0
Rute 1
[(0, 10), (10, 6), (6, 11), (11, 0)] -> 5186.0
Rute 2
[(0, 12), (12, 7), (7, 13), (13, 5), (5, 15), (15, 14), (14, 0)] -> 9660.0
Total Distace : 23147.0
16.331846714019775

25 Dataset
Rute 0
[(0, 2), (2, 24), (24, 11), (11, 0)] -> 4475.0
Rute 1
[(0, 9), (9, 3), (3, 8), (8, 16), (16, 17), (17, 0)] -> 9283.0
Rute 2
[(0, 10), (10, 23), (23, 22), (22, 25), (25, 6), (6, 0)] -> 7313.0
Rute 3
[(0, 12), (12, 7), (7, 13), (13, 5), (5, 15), (15, 14), (14, 0)] -> 9660.0
Rute 4
[(0, 18), (18, 19), (19, 20), (20, 4), (4, 1), (1, 21), (21, 0)] -> 8452.0
Total Distace : 39183.0
60.07719445228577


35 Dataset
Rute 0
[(0, 6), (6, 22), (22, 11), (11, 0)] -> 4807.0
Rute 1
[(0, 7), (7, 5), (5, 15), (15, 14), (14, 13), (13, 26), (26, 0)] -> 10539.0
Rute 2
[(0, 9), (9, 1), (1, 2), (2, 24), (24, 0)] -> 5798.0
Rute 3
[(0, 10), (10, 23), (23, 27), (27, 34), (34, 21), (21, 0)] -> 4037.0
Rute 4
[(0, 12), (12, 32), (32, 28), (28, 33), (33, 25), (25, 0)] -> 13260.0
Rute 5
[(0, 18), (18, 19), (19, 20), (20, 4), (4, 8), (8, 0)] -> 9019.0
Rute 6
[(0, 29), (29, 30), (30, 31), (31, 0)] -> 10181.0
Rute 7
[(0, 35), (35, 16), (16, 17), (17, 3), (3, 0)] -> 11704.0
Total Distace : 69345.0
60.064138889312744

50 Dataset
Rute 0
[(0, 10), (10, 1), (1, 9), (9, 8), (8, 20), (20, 0)] -> 8766.0
Rute 1
[(0, 11), (11, 2), (2, 24), (24, 0)] -> 5446.0
Rute 2
[(0, 12), (12, 7), (7, 13), (13, 32), (32, 6), (6, 26), (26, 21), (21, 0)] -> 8456.0
Rute 3
[(0, 18), (18, 19), (19, 4), (4, 5), (5, 15), (15, 14), (14, 0)] -> 10127.0
Rute 4
[(0, 28), (28, 50), (50, 33), (33, 41), (41, 25), (25, 0)] -> 13664.0
Rute 5
[(0, 29), (29, 43), (43, 48), (48, 0)] -> 10246.0
Rute 6
[(0, 34), (34, 23), (23, 27), (27, 22), (22, 0)] -> 6697.0
Rute 7
[(0, 35), (35, 46), (46, 30), (30, 31), (31, 0)] -> 10725.0
Rute 8
[(0, 36), (36, 42), (42, 45), (45, 0)] -> 16011.0
Rute 9
[(0, 40), (40, 39), (39, 37), (37, 38), (38, 0)] -> 9600.0
Rute 10
[(0, 44), (44, 47), (47, 0)] -> 13221.0
Rute 11
[(0, 49), (49, 16), (16, 17), (17, 3), (3, 0)] -> 11731.0
Total Distace : 124690.0
60.080748558044434


